1671631987.5996506214 0.0077977185526232279181 0.00670242709093738908 0.0011321271378547576904 0.0004513331718375356255 6.3249130949636310755e-05 0.00012796375762184436465 0.99999988796159000604
1671631987.6994879246 0.0053065577640526656947 -0.0026124639256737253699 0.00056562547719563548414 0.00081573004189017554386 0.00038929480227312709918 0.0013557069996901977352 0.99999867254541230377
1671631987.7993352413 0.0098060040491315565714 -0.006543325951103318508 -0.0011144630106947690708 0.0005652518443052586411 0.00025293228178273054153 0.0013397604363695448347 0.99999891077820013408
1671631987.8997621536 0.014836704341205621954 -0.0087980480060924730334 -0.00158213011544293446 0.00036740377923781330572 6.2406848308863826775e-05 0.0022971818213058047518 0.9999972920340975957
1671631987.999797821 0.019434332002806808948 -0.013757963116313347632 -0.0046169547158143448007 0.00045746773754126024555 -0.00046099560711082495116 0.0033071242245500719406 0.99999432055171355582
1671631988.0996358395 0.019659829718573780533 -0.013267960292591177499 3.7478494459723243198e-05 0.00028459747132113970888 -0.00073902288846718143089 0.0027701541799657332203 0.99999584953902131979
1671631988.1994714737 0.024423895020508453596 -0.0061586205812791073796 0.00085132046275354698959 0.00062280369988214551776 -0.00057344622183945568455 0.0026862166913943059075 0.99999603374956891333
1671631988.2993900776 0.033571924410957534879 0.00050066885157245069604 0.0025991857649530500721 0.00056183788135530593824 -0.00037784719699337495713 0.0026902927237667305198 0.99999615193997215545
1671631988.3997793198 0.050294831731782452255 0.0046477404646416047365 0.0023309266729874163204 0.00052028304884059093337 -0.00034948150304892880349 0.0024535580490342100667 0.99999679360542392814
1671631988.4996316433 0.068326420480880445396 0.0063988919686396670411 0.001613298856915669488 0.00044794562056881957919 -0.00045366443703334142666 0.0020779464734164056899 0.99999763783308681653
1671631988.5994782448 0.090090009331469919629 0.0048204563242303238857 0.0003174750122560410226 0.00047746447591285088403 -0.00044765207996969079776 0.0017569316175655475161 0.99999824241174606332
1671631988.6993124485 0.11338812369198945917 0.0044866017990395730061 0.00045653922024969592359 0.00042751100772591489911 -0.00046166117943426701565 0.0016989185257262472573 0.99999835888822186103
1671631988.7998096943 0.14337341441695886091 0.003629882913841831274 -0.00055868260006714648685 0.00037952753504352955546 -0.00047511066250801589151 0.0012479889432888866766 0.99999903637568898773
1671631988.8997983932 0.17364282660748020515 0.0036707987278137951988 -0.00077764831708013616024 0.00033950165403408359265 -0.00039691655082879000269 0.0011853073908976300473 0.9999991611207820208
1671631988.999648571 0.20599908962629104314 0.0042653051746327393101 -0.0011129281126300394171 0.00046133157456943011147 -0.00038794369155255114092 0.0011640286625162650502 0.99999914085470253955
1671631989.0994887352 0.24637625630911219599 0.0048641055797669944735 0.00044904534885893351587 0.00043418090040385764073 -0.00039156978315906280572 0.0013588400228594862702 0.99999890585632300599
1671631989.1993546486 0.29425100734039588701 0.007945483490037406199 0.0014571772585673778335 0.0003495240984347197221 -0.0003929743163235726775 0.0013766135745585743842 0.99999891416898900598
1671631989.2994141579 0.34630279525404150665 0.0092926969306525372683 0.0011466688993553761887 0.00047226858645091763893 -0.00052453623417847709993 0.0014432237701929339409 0.99999870946380231551
1671631989.3994436264 0.40175639538578417076 0.011386804828581250856 0.0019795414551134018523 0.00061511066263874810984 -0.0006690052494296199392 0.001437685892354884391 0.99999855356401590178
1671631989.4994866848 0.46024285008404469677 0.013308346431152695555 0.00053788963810262374523 0.00068814599137591834794 -0.00091376767732440609699 0.0016775053063389886061 0.99999793872771247649
1671631989.599319458 0.52807058894753344802 0.013082055107736493757 0.001348548554715848103 0.00049655541673878256671 -0.0014050239319316824675 0.0018225636967666044002 0.99999722879718011548
